1
201
0.
0.005235152759397883
0.005121641564805544
0.005084283545516738
0.005110758535885228
0.005188746370264779
0.005305926883009156
0.0054499799084721245
0.005608427189168983
0.005752196949062928
0.005897610650559651
0.0060431182012619395
0.006167129180752697
0.006295919763741475
0.0064464059879690925
0.006656440477768575
0.006921175785827151
0.007209616202959769
0.007508597591134524
0.0078002499699000765
0.008089088392065895
0.0083701090730458
0.008597483975580668
0.008814212989804499
0.009043208798575227
0.009301091011146305
0.00965127121982658
0.01004685567465768
0.010470202331741217
0.010907240373841921
0.011347416830524282
0.011802428582451962
0.012267413303790947
0.012722541463508317
0.013209604524140625
0.013745570667822879
0.014371859610051723
0.015101412787297435
0.015878681088501784
0.016676393913327193
0.017462513380655055
0.018292788787068696
0.019188488075982578
0.02016433926680397
0.021221342583451687
0.022355039618032906
0.023500645739139493
0.02467673883634965
0.02592723860980923
0.027283558356251326
0.028873271612028188
0.030917058894212958
0.033065587885183635
0.034996028258523604
0.03710231034715214
0.03961865907227886
0.04233557521144128
0.04519695284467119
0.04815140069721465
0.05135579953499722
0.05498877779119641
0.05906597759766879
0.06348851587574211
0.06810196793161195
0.07324744175159663
0.07903634027396822
0.08541363707574334
0.09209944242870181
0.0989287323809879
0.10676710209761048
0.11598175166130816
0.12635562967845387
0.1373371163465617
0.1488193550859673
0.1612497934898352
0.1765123140210695
0.19189149722208473
0.2101151818379529
0.2294920581432204
0.25269468324382766
0.27518387935144073
0.30235619200283825
0.3339080325730899
0.3631694574975476
0.3857764605163666
0.4039484259114407
0.41636565946927
0.4258330184762501
0.431881759248252
0.4357464866364368
0.4387046144878379
0.44069633422007465
0.4418266864311765
0.44238441830701813
0.44267495680086005
0.4429180951675708
0.44309265537183595
0.4432088275516183
0.44326055126928837
0.44326120303621863
0.44323644730745576
0.4432129987010145
0.4432046189500377
0.4431962391990609
0.4432039115186094
0.4432084727104449
0.44317555324131097
0.443082386228865
0.44290576513064334
0.442644327952939
0.44234565642238294
0.44163040728134223
0.44028952617045725
0.4378950118915074
0.4345129237917255
0.4298695568979167
0.42229317548081735
0.41230309185232916
0.3991714046137565
0.37958183646114485
0.35372013078992093
0.3205171140929475
0.2902566816914861
0.2618132056054349
0.23706555150179456
0.21688678385591278
0.1972097303017837
0.17971694029659843
0.16547432894198666
0.15080389936421154
0.13927349597228078
0.12756747472208832
0.11719698138198154
0.10800502985340613
0.10030608225970769
0.09270558147500162
0.08523174586832935
0.07883052181430975
0.07292132544105041
0.06749917640466084
0.06279644647091695
0.058577576139990796
0.05471820840962625
0.05108600576689672
0.047698522881356356
0.04455406543991512
0.04162211062472886
0.038855640696648
0.036270228295290315
0.033957207451529525
0.0319204902172298
0.030061727733471984
0.028244838413697883
0.026543143599566155
0.024964567255002495
0.023541266037303762
0.022244053643296412
0.021057196952284953
0.019970983684346095
0.018972126817626726
0.018047793873493975
0.017174643747035957
0.016327933945282345
0.015539420211955887
0.014814202673265995
0.01418785259436988
0.013653170960201702
0.013160506718845303
0.012689968362502066
0.012152683775989864
0.011569924907920737
0.011004116531462256
0.010474162492354592
0.010008241927739229
0.009683321996910008
0.009401957357222341
0.009148720918433264
0.008891313060086106
0.008625283772717334
0.008361183471006858
0.00809705175114543
0.007809449055951443
0.007522562495398055
0.0072525113880078694
0.00701286299964376
0.0068265186814973604
0.006676294966336776
0.0065625462315653735
0.006510117604482306
0.006501255563881294
0.0065037250692398935
0.006500354682063777
0.00640826450625397
0.006272594488173107
0.006136362647163192
0.006017004977850248
0.005960578077006402
0.005950263867557851
0.005952056890003219
0.005955281919206743
0.005949263730032658
0.005923327097345202